0 240
180 240 300
240 
60 240
60
60 120
300
60 240
240
240
0 240
120 240 300
60 300
60 240 0
120 60 240
60 180 
0 300
120 180
0
60 120 180
60 180 240
240
0 240
120 180 240
240
240 300
240
60 240 0
60 240 0
60
0 60
0 60 180 240
180
60
0 120 300
60 240
60 180 240
0 120 240
0 180
0 60 180 300
0 180
180 240
300
60 120
60 300
0 60
0 180 240
180
120 180 300
60
120 300
0 300
120 240 300
60
240 300
60 240
120
60 120 300
120 180
120 300
60
0 60 120 240
180 
120
0 240
120 180 240
0 60 240
180 240
60
60 240
60
60
0 60
0 180
180